9.993723706170346555e-01 2.274802189027093108e-04 -3.542334117553413986e-02 8.131369596185410446e-05
-4.691372288203936677e-05 9.999870033236319955e-01 5.098135239980129685e-03 -2.992636280330305331e-05
3.542404051475338961e-02 -5.093273659693721249e-03 9.993593927697065338e-01 -2.671413092322532084e-03
0.000000000000000000e+00 0.000000000000000000e+00 0.000000000000000000e+00 1.000000000000000000e+00
